 0.1581     7.7195     2.5509
 0.1593     7.7163     2.1441
 0.1529     7.7230     1.7377
 0.1584     7.7162     1.3318
 0.1519     7.7159     0.9230
 0.1551     7.7152     0.5173
 0.6788     7.7173     2.5531
 0.6785     7.7179     2.1449
 0.6761     7.7171     1.7393
 0.6752     7.7165     1.3293
 0.6755     7.7165     0.9226
 0.6751     7.7182     0.5152
 1.0841     7.7129     2.5521
 1.0842     7.7160     2.1470
 1.0833     7.7173     1.7400
 1.0793     7.7148     1.3322
 1.0811     7.7120     0.9211
 1.0853     7.7113     0.5154
 1.7824     7.7131     2.5524
 1.7873     7.7105     2.1448
 1.7854     7.7127     1.7383
 1.7810     7.7097     1.3312
 1.7802     7.7137     0.9238
 1.7833     7.7074     0.5204
 2.3015     7.7134     2.5515
 2.3056     7.7114     2.1431
 2.3017     7.7140     1.7386
 2.3022     7.7115     1.3311
 2.3045     7.7140     0.9216
 2.3021     7.7048     0.5185
 2.7128     7.7072     2.5548
 2.7115     7.7054     2.1473
 2.7069     7.7090     1.7361
 2.7101     7.7064     1.3322
 2.7127     7.7090     0.9249
 2.7080     7.7087     0.5153
 3.1183     7.7079     2.5521
 3.1197     7.7045     2.1471
 3.1169     7.7081     1.7391
 3.1157     7.7057     1.3294
 3.1212     7.7083     0.9233
 3.1191     7.7100     0.5162
 3.5268     7.7045     2.5515
 3.5247     7.7004     2.1455
 3.5230     7.7033     1.7395
 3.5209     7.7023     1.3340
 3.5201     7.7078     0.9267
 3.5236     7.7000     0.5192
 3.9315     7.7015     2.5517
 3.9310     7.7056     2.1447
 3.9307     7.7073     1.7379
 3.9326     7.7056     1.3327
 3.9319     7.7027     0.9259
 3.9275     7.7011     0.5195
 4.3419     7.7001     2.5496
 4.3369     7.7032     2.1459
 4.3362     7.7044     1.7361
 4.3369     7.7036     1.3298
 4.3374     7.7026     0.9232
 4.3320     7.6957     0.5204
 4.6979     7.5592     2.5538
 4.6969     7.5605     2.1471
 4.6915     7.5529     1.7364
 4.6950     7.5620     1.3278
 4.6955     7.5615     0.9213
 4.6914     7.5548     0.5175
 4.6998     7.1542     2.5531
 4.6965     7.1513     2.1465
 4.6908     7.1462     1.7361
 4.6899     7.1439     1.3270
 4.6917     7.1485     0.9223
 4.6891     7.1435     0.5204
 4.6968     6.7456     2.5527
 4.6935     6.7381     2.1438
 4.6939     6.7433     1.7346
 4.6919     6.7391     1.3266
 4.6895     6.7395     0.9229
 4.6947     6.7399     0.5148
 4.6985     6.3453     2.5560
 4.6940     6.3346     2.1462
 4.6916     6.3328     1.7354
 4.6947     6.3342     1.3273
 4.6900     6.3284     0.9255
 4.6915     6.3323     0.5186
 4.6985     5.8262     2.5532
 4.6934     5.8139     2.1439
 4.6934     5.8141     1.7361
 4.6957     5.8109     1.3272
 4.6982     5.8115     0.9217
 4.6916     5.8058     0.5218
 4.6956     5.4164     2.5493
 4.6929     5.4118     2.1421
 4.6988     5.4073     1.7357
 4.6976     5.4034     1.3267
 4.6940     5.4010     0.9257
 4.6939     5.3989     0.5207
 4.6970     5.0125     2.5665
 4.7620     4.9996     2.1046
 4.7609     4.9960     1.6806
 4.7620     5.0031     1.3138
 4.7617     5.0024     0.9131
 4.7515     4.9960     0.4833
 4.6912     4.6088     2.5524
 4.7599     4.6177     2.0910
 4.7558     4.6204     1.6700
 4.7672     4.6173     1.3038
 4.7547     4.6068     0.9121
 4.7574     4.6229     0.4703
 4.6985     4.2002     2.5469
 4.6915     3.7993     2.5482
 4.7550     3.8013     2.0698
 4.7494     3.7980     1.7297
 4.7554     3.7896     1.2964
 4.7530     3.7842     0.9504
 4.7550     3.7884     0.4934
 4.6991     3.4185     2.5621
 4.6929     2.9287     2.5448
 4.7023     2.9292     2.1369
 4.6958     2.9327     1.7303
 4.6833     2.9385     1.3300
 4.6997     2.9263     0.9168
 4.6963     2.9298     0.5150
 4.7004     2.4954     2.5488
 4.6989     2.4927     2.1396
 4.7181     2.4846     1.7309
 4.7019     2.4984     1.3254
 4.7019     2.4986     0.9204
 4.6977     2.5028     0.5111
 4.6961     2.1926     2.5489
 4.7013     2.1911     2.1389
 4.6960     2.1879     1.7298
 4.7057     2.1831     1.3221
 4.7008     2.1841     0.9183
 4.6966     2.1886     0.5120
 4.6931     1.7871     2.5425
 4.7013     1.7862     2.1379
 4.6999     1.7774     1.7306
 4.6982     1.7849     1.3249
 4.6987     1.7824     0.9171
 4.6940     1.7852     0.5109
 4.6933     1.3805     2.5419
 4.6961     1.3828     2.1337
 4.7004     1.3698     1.7262
 4.6966     1.3853     1.3234
 4.6977     1.3752     0.9152
 4.6944     1.3790     0.5095
 4.6934     0.9735     2.5427
 4.6979     0.9717     2.1349
 4.6962     0.9694     1.7279
 4.6957     0.9722     1.3210
 4.6979     0.9686     0.9120
 4.6930     0.9726     0.5068
 4.6949     0.5619     2.5449
 4.6970     0.5643     2.1369
 4.7009     0.5556     1.7255
 4.6973     0.5660     1.3215
 4.6944     0.5650     0.9119
 4.6955     0.5633     0.5055
 4.6982     0.1523     2.5424
 4.6974     0.1589     2.1378
 4.6991     0.1507     1.7263
 4.6964     0.1598     1.3190
 4.6986     0.1568     0.9088
 4.6980     0.1576     0.5022
 4.5390     0.0021     2.5443
 4.5467     0.0018     2.1373
 4.5457     0.0039     1.7274
 4.5509     0.0054     1.3183
 4.5488    -0.0000     0.9055
 4.5430     0.0074     0.5028
 4.2264     0.0059     2.5403
 4.2321     0.0031     2.1334
 4.2294     0.0043     1.7268
 4.2303     0.0042     1.3194
 4.2297     0.0117     0.9093
 4.2341     0.0045     0.5040
 3.9378     0.0064     2.5405
 3.9402     0.0007     2.1337
 3.9358     0.0116     1.7271
 3.9403     0.0029     1.3170
 3.9364     0.0101     0.9097
 3.9411     0.0061     0.5012
 3.5272     0.0047     2.5436
 3.5284     0.0068     2.1318
 3.5290     0.0083     1.7249
 3.5295     0.0089     1.3212
 3.5375     0.0112     0.9079
 3.5369     0.0089     0.4976
 3.1177     0.0108     2.5464
 3.1194     0.0111     2.1328
 3.1204     0.0122     1.7237
 3.1220     0.0139     1.3155
 3.1292     0.0154     0.9104
 3.1305     0.0157     0.4978
 2.7081     0.0050     2.5460
 2.7113     0.0148     2.1321
 2.7124     0.0157     1.7254
 2.7110     0.0169     1.3186
 2.7212     0.0190     0.9093
 2.7200     0.0188     0.5013
 2.3029     0.0188     2.5425
 2.3040     0.0190     2.1323
 2.3038     0.0198     1.7259
 2.3061     0.0207     1.3206
 2.3164     0.0220     0.9091
 2.3140     0.0224     0.4997
 1.7830     0.0123     2.5474
 1.7811     0.0231     2.1315
 1.7826     0.0138     1.7273
 1.7835     0.0144     1.3202
 1.7904     0.0147     0.9050
 1.7877     0.0231     0.5015
 1.4056     0.0167     2.5468
 1.3894     0.0230     2.1331
 1.3942     0.0231     1.7263
 1.3940     0.0237     1.3184
 1.3966     0.0226     0.9081
 1.4006     0.0173     0.5019
 0.9617     0.0150     2.5470
 0.9707     0.0258     2.1305
 0.9673     0.0187     1.7249
 0.9677     0.0182     1.3206
 0.9758     0.0239     0.9078
 0.9684     0.0199     0.4998
 0.5506     0.0180     2.5466
 0.5507     0.0019     2.1348
 0.5590     0.0229     1.7302
 0.5597     0.0209     1.3263
 0.5651     0.0259     0.9067
 0.5583     0.0193     0.4960
 0.1412     0.0200     2.5468
 0.1559     0.0201     2.1325
 0.1540     0.0252     1.7272
 0.1518     0.0248     1.3165
 0.1583     0.0261     0.9028
 0.1531     0.0224     0.5074
 0.0022     0.1595     2.5748
 0.0183     0.1876     2.1322
 0.0054     0.1760     1.7144
 0.0042     0.1776     1.2952
 0.0039     0.1851     0.8852
 0.0014     0.1770     0.4688
 0.0000     0.6162     2.5669
 0.0043     0.6127     2.1424
 0.0079     0.6236     1.7158
 0.0039     0.6151     1.3116
 0.0053     0.6203     0.9240
 0.0094     0.6256     0.5058
 0.0026     1.0792     2.5589
 0.0026     1.0740     2.1435
 0.0033     1.0721     1.7389
 0.0271     1.1045     1.3396
 0.0058     1.0921     0.9543
 0.0040     1.5932     2.5557
 0.0059     1.6075     2.1534
 0.0094     1.6263     1.7250
 0.5044     2.3970     2.5565
 0.5131     2.5121     2.1477
 0.5103     2.3994     1.7415
 0.5114     2.5107     1.3378
 0.5109     2.3983     0.9302
 0.5106     2.5113     0.5244
 0.2570     2.7086     2.5555
 0.4101     2.7104     2.1501
 0.2632     2.7126     1.7386
 0.4081     2.7096     1.3350
 0.2677     2.7141     1.0191
 0.4103     2.7114     0.5228
 0.2503     5.2669     2.5608
 0.2532     5.2632     2.1489
 0.2507     5.2647     1.7376
 0.2514     5.2622     1.3300
 0.2474     5.2661     0.9177
 0.2414     5.2706     0.5014
 0.5175     5.4558     2.5548
 0.5219     5.5671     2.1454
 0.5230     5.4522     1.7372
 0.5212     5.5681     1.3333
 0.5238     5.4509     0.9246
 0.5121     5.5723     0.5106
 0.0319     6.1650     2.5471
 0.0226     6.1755     2.1457
 0.0320     6.1642     1.7365
 0.0303     6.5170     2.5517
 0.0293     6.5156     2.1472
 0.0320     6.5100     1.7405
 0.0329     6.9978     2.5558
 0.0353     6.9937     2.1404
 0.0359     6.9959     1.7284
 0.0373     6.9980     1.3504
 0.0378     6.9914     0.9756
 0.0328     6.9907     0.5403
 0.0315     7.4816     2.5515
 0.0370     7.4837     2.1436
 0.0351     7.5068     1.7345
 0.0357     7.5069     1.3212
 0.0348     7.4907     0.9485
 0.0345     7.4750     0.5081
 0.6739     7.6173     0.0091
 1.3045     7.6098     0.0121
 1.9349     7.5871     0.0230
 2.5570     7.5313     0.0498
 3.1682     7.5228     0.0548
 3.7784     7.5201     0.0566
 4.3904     7.5223     0.0557
 0.7263     6.9079     0.0586
 1.3382     6.9041     0.0600
 1.9471     6.9048     0.0574
 2.5570     6.9092     0.0553
 3.1665     6.9032     0.0604
 3.7775     6.9070     0.0569
 4.3884     6.9081     0.0548
 0.7138     6.3140     0.0470
 1.3348     6.3020     0.0552
 1.9466     6.3000     0.0538
 2.5576     6.2960     0.0574
 3.1680     6.2971     0.0560
 3.7771     6.2954     0.0566
 4.3902     6.2989     0.0535
 0.7180     5.6954     0.0508
 1.3339     5.6915     0.0533
 1.9452     5.6922     0.0518
 2.5572     5.6902     0.0537
 3.1684     5.6895     0.0548
 3.7772     5.6858     0.0574
 4.3894     5.6880     0.0540
 0.7025     5.0910     0.0379
 1.3379     5.0770     0.0601
 1.9491     5.0744     0.0635
 3.1677     5.0762     0.0592
 3.7783     5.0768     0.0596
 4.3907     5.0781     0.0568
 0.7221     4.4686     0.0562
 1.3377     4.4669     0.0617
 3.7775     4.4663     0.0615
 4.3906     4.4675     0.0570
 0.1179     3.8584     0.0635
 0.7382     3.8589     0.0722
 1.3372     3.8570     0.0617
 3.7771     3.8560     0.0613
 4.3951     3.8557     0.0517
 0.1174     3.2477     0.0629
 0.7246     3.2457     0.0568
 1.3345     3.2446     0.0554
 1.9452     3.2429     0.0523
 3.1625     3.2536     0.0740
 3.7808     3.2437     0.0551
 4.4236     3.2300     0.0256
 0.7209     2.6320     0.0566
 1.3363     2.6362     0.0595
 1.9464     2.6362     0.0606
 2.5564     2.6362     0.0602
 3.1677     2.6330     0.0555
 3.7780     2.6348     0.0575
 4.4232     2.6077     0.0250
 0.7262     2.0272     0.0682
 1.3367     2.0273     0.0649
 1.9454     2.0235     0.0601
 2.5561     2.0267     0.0599
 3.1677     2.0206     0.0528
 3.7879     2.0069     0.0395
 4.4173     1.9912     0.0273
 0.7275     1.4197     0.0660
 1.3365     1.4182     0.0615
 1.9449     1.4139     0.0538
 2.5553     1.4169     0.0543
 3.1646     1.4169     0.0531
 3.7778     1.4101     0.0461
 4.3860     1.4150     0.0469
 0.1133     0.8064     0.0608
 0.7256     0.8098     0.0648
 1.3361     0.8098     0.0601
 1.9445     0.8063     0.0554
 2.5545     0.8083     0.0533
 3.1670     0.7927     0.0425
 3.7801     0.7916     0.0396
 4.4358     0.7153     0.0000
